241 242 243 244 244 245 246 246 246 245 245 244 244 244 242 241
235 242 245 246 246 246 247 246 247 247 246 245 245 244 244 243
222 229 238 245 243 245 245 247 248 248 248 248 247 246 245 244
218 224 225 230 230 232 236 239 244 238 233 241 245 242 238 244
222 226 227 231 231 164 158 215 231 228 229 227 223 220 220 231
228 230 232 236 168  56  77 119 228 220 214 213 214 216 218 221
220 226 230 234 110  64  35  61 228 220 214 206 201 189 179 177
112 119 134 166 129  33  33 106 189 186 168 148 160 159 161 170
 31  43  58  59  95  33  32 103 139 130 116  52  82  58  66  81
 28  33  39  41  91  53  44  86  63  51  54  37  30  18  22  16
 12  16  21  25 103  49  45  77  34  32  34  29  20  13   6   5
  7   8  10  13  84  57  56  64  16  13  16  14  10   7   4   2
  6   6   4  13  63  57  47  76  11   9  11  12  10  13  13   7
  3   4   2  14  37  34  23  65   9   9   8   5   9  10   7   2
  3   3   5  35  31   8  14  47   6   8   8   5   7   6   3   3
  2   3   5  68  37   5  26  30  15   7   5   5   5   3   3   3
220 224 229 231 231 232 234 233 233 232 232 230 229 227 224 225
219 231 233 236 236 237 237 237 237 237 237 235 233 231 229 227
209 218 230 240 238 238 239 241 242 241 240 239 237 235 232 230
208 215 214 219 218 221 225 225 234 227 219 231 236 230 226 231
211 214 213 219 224 189 184 216 221 220 226 226 218 216 217 229
226 226 228 234 185 111 118 151 230 227 227 228 228 229 230 230
220 226 228 235 140 119  50  94 233 230 228 223 219 209 197 189
103 113 132 165 149  79  49 120 196 196 181 158 154 151 150 151
 52  68  82  84 127  94  71 133 174 168 148  81  99  74  76  81
 84  92  98 101 138 111  99 129 113 106 102  78  67  54  56  42
 76  86  91  96 153  97  92 126 109 109 108 104 101  96  85  81
 67  72  79  86 139 115 113 115  90  89  87  79  79  80  75  67
 64  68  68  80 123 114 101 121  86  88  77  72  72  71  61  55
 61  67  74  85  93  84  74 109  76  77  71  69  64  59  51  43
 53  59  64  89  85  50  67  88  69  70  70  65  64  55  48  43
 39  49  53 113  95  41  82  62  62  55  64  59  53  46  39  37
189 194 199 203 206 209 215 214 213 212 210 207 203 198 192 203
200 214 214 219 219 222 222 222 223 223 221 217 213 209 202 198
197 207 219 236 232 232 231 234 234 232 230 228 224 219 210 205
200 207 202 208 204 208 214 209 220 212 202 218 225 215 208 212
200 204 200 206 217 219 216 219 211 212 224 226 215 212 216 227
225 224 225 234 209 178 168 191 234 235 244 246 247 246 246 240
221 226 227 237 182 187  71 139 240 244 245 245 244 236 221 207
 92 101 125 162 174 138  79 136 198 200 189 161 146 141 137 131
 67  78  93  94 160 165 124 162 198 195 167  99 105  77  78  74
113 121 129 133 183 178 162 164 139 130 122 101  85  71  73  54
 91 102 109 114 212 157 147 160 129 129 128 123 117 110  96  93
 84  88  95 103 202 183 178 147 105 104 104  95  93  94  87  77
 79  83  82  97 191 179 162 153 101 102  91  88  90  93  82  69
 71  79  85 100 160 144 135 141  90  90  82  80  81  78  65  53
 63  70  75 108 150 107 128 117  80  81  83  77  77  67  58  53
 46  56  63 154 160  91 145  96  72  66  77  71  64  56  48  45

241 243 244 244 232 221 177 171  78  16   5   3   8   3   4   4
243 244 245 238 221 218 179 161  63  22   6   5  14   7   4   3
244 245 246 242 220 216 189 158  55  19  13   7  13  10   6   4
244 245 247 245 223 215 201 159  81  30  20  10  11   9   7   5
245 246 248 241 227 213 206 145  52  37  29  14  13   5   6   5
245 247 248 234 229 214 214 167 116  53  34  16  11   9   9   6
245 247 249 239 228 220 219 185 129  50  32  13  10  10   8   7
246 247 248 244 232 229 227 188 139  61  34  16  11  10   7  16
246 247 248 239 214 116  63 107 103  86  77  64  78  65  47  30
247 247 246 235 154  78  35  34  32  45  46  57  47  23  15  27
245 247 245 232 160  56  63  34  34  54  50  58  57  34   8   6
245 247 243 231 232 166 112 128  95  91 103  84  63  37  32  38
244 246 245 231 232 237 233 164  57  42  25  13  14  14  36  69
244 245 238 225 228 233 228 132  56  40  21  10   4   3   5   5
243 242 229 224 226 230 223 117  42  34  16   9   6   4   3   3
241 235 222 218 223 229 218 109  30  29  12   8   6   3   3   2
226 227 230 232 231 230 189 151  79  43  81  68  55  43  43  37
225 229 233 226 218 230 196 150  73  57  85  75  61  51  48  39
227 231 236 230 217 230 208 151  72  54  96  80  71  60  55  47
229 233 238 235 219 229 218 153  99  67 101  79  73  64  65  53
231 235 240 231 227 228 222 155  81  79 104  79  72  69  65  59
232 237 241 220 226 227 227 180 148 101 108  87  78  72  70  64
233 237 241 228 221 228 229 196 167 105 109  90  89  78  70  55
233 238 242 234 222 231 233 196 174 112 109  90  86  76  70  62
234 237 241 226 216 149  95 121 133 130 126 115 122 109  87  61
235 237 239 226 182 117  50  50  72 100  93 113 101  74  68  83
232 238 239 221 186 111 118  80  95 112  98 116 114  83  50  42
232 237 238 218 224 183 141 149 128 139 154 139 124  93  85  96
231 237 241 220 219 235 234 163  84 103  96  86  81  85  91 114
229 234 230 214 214 229 226 131  81  99  91  79  68  74  64  53
225 231 218 215 215 227 223 112  68  94  86  73  68  67  59  49
221 219 209 209 212 227 217 102  52  86  76  67  65  61  53  40
203 199 205 213 229 240 205 131  73  55  93  77  69  53  54  45
193 202 211 208 217 247 219 137  77  74  96  88  82  65  58  48
199 209 220 215 214 247 234 140  76  72 110  94  93  79  67  56
203 214 224 224 217 248 242 144 106  84 116  93  91  81  77  64
207 218 228 218 227 247 244 159  99 102 122  94  88  80  77  71
210 222 230 203 225 245 244 189 168 121 128 104  91  83  83  77
213 224 232 212 213 236 243 202 194 128 129 104 103  90  81  66
213 224 234 220 212 234 239 199 199 138 129 105 101  91  80  73
214 223 234 209 220 190 139 137 163 164 160 147 154 141 117  96
216 223 232 215 215 167  71  80 126 163 149 178 162 135 129 146
209 223 232 209 219 178 185 139 167 179 159 184 179 143 107  91
206 220 232 204 218 209 182 173 161 184 212 202 192 160 150 161
204 220 236 208 207 235 236 160  95 135 114 103  98 100 110 156
200 214 219 202 201 226 224 123  93 130 109  95  82  85  75  63
195 215 207 208 205 225 223 100  79 123 103  88  83  79  70  56
190 200 198 200 201 226 217  91  68 115  92  84  79  72  63  46

  3   3   3   5   5   5   7  15  30  26   5  37  68   5   3   2
  3   3   6   7   5   8   8   6  47  14   8  31  35   5   3   3
  2   7  10   9   5   8   9   9  65  23  34  37  14   2   4   3
  7  13  13  10  12  11   9  11  76  47  57  63  13   4   6   6
  2   4   7  10  14  16  13  16  64  56  57  84  13  10   8   7
  5   6  13  20  29  34  32  34  77  45  49 103  25  21  16  12
 16  22  18  30  37  54  51  63  86  44  53  91  41  39  33  28
 81  66  58  82  52 116 130 139 103  32  33  95  59  58  43  31
170 161 159 160 148 168 186 189 106  33  33 129 166 134 119 112
177 179 189 201 206 214 220 228  61  35  64 110 234 230 226 220
221 218 216 214 213 214 220 228 119  77  56 168 236 232 230 228
231 220 220 223 227 229 228 231 215 158 164 231 231 227 226 222
244 238 242 245 241 233 238 244 239 236 232 230 230 225 224 218
244 245 246 247 248 248 248 248 247 245 245 243 245 238 229 222
243 244 244 245 245 246 247 247 246 247 246 246 246 245 242 235
241 242 244 244 244 245 245 246 246 246 245 244 244 243 242 241
 37  39  46  53  59  64  55  62  62  82  41  95 113  53  49  39
 43  48  55  64  65  70  70  69  88  67  50  85  89  64  59  53
 43  51  59  64  69  71  77  76 109  74  84  93  85  74  67  61
 55  61  71  72  72  77  88  86 121 101 114 123  80  68  68  64
 67  75  80  79  79  87  89  90 115 113 115 139  86  79  72  67
 81  85  96 101 104 108 109 109 126  92  97 153  96  91  86  76
 42  56  54  67  78 102 106 113 129  99 111 138 101  98  92  84
 81  76  74  99  81 148 168 174 133  71  94 127  84  82  68  52
151 150 151 154 158 181 196 196 120  49  79 149 165 132 113 103
189 197 209 219 223 228 230 233  94  50 119 140 235 228 226 220
230 230 229 228 228 227 227 230 151 118 111 185 234 228 226 226
229 217 216 218 226 226 220 221 216 184 189 224 219 213 214 211
231 226 230 236 231 219 227 234 225 225 221 218 219 214 215 208
230 232 235 237 239 240 241 242 241 239 238 238 240 230 218 209
227 229 231 233 235 237 237 237 237 237 237 236 236 233 231 219
225 224 227 229 230 232 232 233 233 234 232 231 231 229 224 220
 45  48  56  64  71  77  66  72  96 145  91 160 154  63  56  46
 53  58  67  77  77  83  81  80 117 128 107 150 108  75  70  63
 53  65  78  81  80  82  90  90 141 135 144 160 100  85  79  71
 69  82  93  90  88  91 102 101 153 162 179 191  97  82  83  79
 77  87  94  93  95 104 104 105 147 178 183 202 103  95  88  84
 93  96 110 117 123 128 129 129 160 147 157 212 114 109 102  91
 54  73  71  85 101 122 130 139 164 162 178 183 133 129 121 113
 74  78  77 105  99 167 195 198 162 124 165 160  94  93  78  67
131 137 141 146 161 189 200 198 136  79 138 174 162 125 101  92
207 221 236 244 245 245 244 240 139  71 187 182 237 227 226 221
240 246 246 247 246 244 235 234 191 168 178 209 234 225 224 225
227 216 212 215 226 224 212 211 219 216 219 217 206 200 204 200
212 208 215 225 218 202 212 220 209 214 208 204 208 202 207 200
205 210 219 224 228 230 232 234 234 231 232 232 236 219 207 197
198 202 209 213 217 221 223 223 222 222 222 219 219 214 214 200
203 192 198 203 207 210 212 213 214 215 209 206 203 199 194 189

  2   3   3   6   8  12  29  30 109 218 229 223 218 222 235 241
  3   3   4   6   9  16  34  42 117 223 230 226 224 229 242 243
  5   5   3   4  10  21  40  56 132 228 233 228 225 238 245 244
 69  36  14  14  13  25  42  57 164 233 237 232 231 245 246 244
 38  32  37  63  84 103  91  95 128 112 166 232 231 243 247 245
  6   8  34  57  58  50  54  34  34  63  56 160 232 245 247 245
 27  15  23  47  57  46  45  32  34  35  78 154 235 246 247 247
 30  47  65  78  64  77  86 103 107  63 116 214 239 248 247 246
 16   7  10  11  16  34  61 139 188 227 229 232 244 248 247 246
  7   8  10  10  13  32  50 129 185 219 220 228 239 249 247 245
  6   9   9  11  16  34  53 116 167 214 214 229 234 248 247 245
  5   6   5  13  14  29  37  52 145 206 213 227 241 248 246 245
  5   7   9  11  10  20  30  81 159 201 215 223 245 247 245 244
  4   6  10  13   7  13  19  55 158 189 216 220 242 246 245 244
  3   4   7  14   5   6  22  63 161 179 218 221 238 245 244 243
  4   4   3   8   3   5  16  78 171 177 221 232 244 244 243 241
 40  53  61  65  67  76  86  52 102 217 227 212 209 209 219 221
 49  59  67  68  73  86  94  68 112 223 227 215 215 218 231 225
 53  64  74  68  79  91  99  81 131 226 229 214 214 230 234 229
114  91  85  81  86  96 103  84 163 234 235 219 220 241 237 231
 96  85  93 124 139 154 139 128 149 141 183 224 218 238 237 232
 42  50  83 114 116  98 112  95  80 118 111 186 221 239 238 232
 83  68  74 101 113  93 100  72  50  50 117 182 226 239 237 235
 61  87 109 122 115 126 130 133 121  95 149 216 226 241 237 234
 62  70  76  86  90 109 112 174 196 233 231 222 234 242 238 233
 55  70  78  89  90 109 105 167 196 229 228 221 228 241 237 233
 64  70  72  78  87 108 101 148 180 227 227 226 220 241 237 232
 59  65  69  72  79 104  79  81 155 222 228 227 231 240 235 231
 53  65  64  73  79 101  67  99 153 218 229 219 235 238 233 229
 47  55  60  71  80  96  54  72 151 208 230 217 230 236 231 227
 39  48  51  61  75  85  57  73 150 196 230 218 226 233 229 225
 37  43  43  55  68  81  43  79 151 189 230 231 232 230 227 226
 46  63  72  79  84  92 115  68  91 217 226 201 200 198 200 190
 56  70  79  83  88 103 123  79 100 223 225 205 208 207 215 195
 63  75  85  82  95 109 130  93 123 224 226 201 202 219 214 200
156 110 100  98 103 114 135  95 160 236 235 207 208 236 220 204
161 150 160 192 202 212 184 161 173 182 209 218 204 232 220 206
 91 107 143 179 184 159 179 167 139 185 178 219 209 232 223 209
146 129 135 162 178 149 163 126  80  71 167 215 215 232 223 216
 96 117 141 154 147 160 164 163 137 139 190 220 209 234 223 214
 73  80  91 101 105 129 138 199 199 239 234 212 220 234 224 213
 66  81  90 103 104 129 128 194 202 243 236 213 212 232 224 213
 77  83  83  91 104 128 121 168 189 244 245 225 203 230 222 210
 71  77  80  88  94 122 102  99 159 244 247 227 218 228 218 207
 64  77  81  91  93 116  84 106 144 242 248 217 224 224 214 203
 56  67  79  93  94 110  72  76 140 234 247 214 215 220 209 199
 48  58  65  82  88  96  74  77 137 219 247 217 208 211 202 193
 45  54  53  69  77  93  55  73 131 205 240 229 213 205 199 203
